0.00
0.47
0.93
1.39
1.84
2.29
2.74
3.17
3.60
4.01
4.41
4.80
5.17
5.52
5.86
6.17
6.47
6.74
7.00
7.22
7.42
7.60
7.75
7.86
7.95
8.01
8.03
8.01
7.96
7.88
7.75
7.57
7.35
7.08
6.75
6.37
5.91
5.38
4.76
4.03
3.18
2.17
0.95
0.53
2.38
4.78
8.01
12.68
20.10
34.02
70.62
470.10
128.27
61.39
42.02
32.64
27.01
23.18
20.36
18.16
16.37
14.86
13.55
12.40
11.37
10.43
9.57
8.77
8.03
7.33
6.67
6.05
5.46
4.90
4.37
3.87
3.39
2.94
2.50
2.10
1.71
1.34
1.00
0.68
0.37
0.09
0.17
0.42
0.65
0.85
1.04
1.22
1.37
1.51
1.63
1.74
1.83
1.90
1.96
2.01
2.04
2.06
2.07
2.06
2.05
2.02
1.99
1.94
1.89
1.83
1.76
1.69
1.60
1.52
1.43
1.33
1.23
1.13
1.03
0.92
0.82
0.71
0.60
0.50
0.40
0.29
0.19
0.10
0.00
0.09
0.18
0.26
0.34
0.42
0.49
0.55
0.61
0.67
0.72
0.76
0.80
0.83
0.86
0.89
0.90
0.91
0.92
0.92
0.92
0.91
0.89
0.88
0.85
0.83
0.80
0.76
0.73
0.69
0.64
0.60
0.55
0.50
0.45
0.40
0.35
0.30
0.24
0.19
0.14
0.09
0.03
0.02
0.07
0.11
0.16
0.20
0.25
0.29
0.32
0.36
0.39
0.42
0.45
0.47
0.49
0.51
0.52
0.53
0.54
0.55
0.55
0.55
0.54
0.54
0.53
0.52
0.50
0.48
0.46
0.44
0.42
0.39
0.37
0.34
0.31
0.28
0.24
0.21
0.18
0.14
0.11
0.08
0.04
0.01
0.02
0.05
0.09
0.12
0.14
0.17
0.20
0.22
0.25
0.27
0.29
0.31
0.32
0.34
0.35
0.36
0.37
0.37
0.38
0.38
0.38
0.38
0.37
0.36
0.36
0.35
0.34
0.32
0.31
0.29
0.27
0.25
0.23
0.21
0.19
0.17
0.14
0.12
0.10
0.07
0.05
0.02
0.00
0.02
0.05
0.07
0.09
0.11
0.13
0.15
0.17
0.19
0.20
0.22
0.23
0.24
0.26
0.27
0.27
0.28
0.28
0.28
0.29
0.29
0.28
0.28
0.28
0.27
0.26
0.25
0.24
0.23
0.22
0.20
0.19
0.17
0.16
0.14
0.12
0.11
0.09
0.07
0.05
0.03
0.01
0.01
0.03
0.04
0.06
0.08
0.10
0.11
0.13
0.14
0.15
0.17
0.18
0.19
0.20
0.21
0.21
0.22
0.23
0.23
0.23
0.23
0.23
0.23
0.23
0.22
0.22
0.21
0.20
0.20
0.19
0.18
0.17
0.15
0.14
0.13
0.11
0.10
0.08
0.07
0.05
0.04
0.02
0.01
0.01
0.03
0.04
0.06
0.07
0.09
0.10
0.11
0.12
0.13
0.14
0.15
0.16
0.17
0.18
0.18
0.19
0.19
0.20
0.20
0.20
0.20
0.20
0.19
0.19
0.19
0.18
0.17
0.17
0.16
0.15
0.14
0.13
0.12
0.11
0.09
0.08
0.07
0.06
0.04
0.03
0.01
0.00
0.01
0.03
0.04
0.05
0.07
0.08
0.09
0.10
0.11
0.12
0.13
0.14
0.15
0.15
0.16
0.17
0.17
0.17
0.17
0.18
0.18
0.18
0.17
0.17
0.17
0.17
0.16
0.15
0.15
0.14
0.13
0.12
0.11
0.10
0.09
0.08
0.07
0.06
0.05
0.03
0.02
0.01
0.00
0.02
0.03
0.04
0.05
0.07
0.08
0.09
0.10
0.11
0.12
0.12
0.13
0.14
0.14
0.15
0.15
0.16
0.16
0.16
0.17
0.17
0.16
0.16
0.16
0.16
0.15
0.15
0.14
0.14
0.13
0.12
0.11
0.10
0.09
0.08
0.07
0.06
0.05
0.04
0.03
0.02
0.00
0.01
0.02
0.03
0.04
0.05
0.07
0.08
0.09
0.10
0.10
0.11
0.12
0.13
0.14
0.14
0.15
0.15
0.15
0.16
0.16
0.16
0.16
0.16
0.16
0.15
0.15
0.15
0.14
0.14
0.13
0.12
0.12
0.11
0.10
0.09
0.08
0.07
0.06
0.05
0.04
0.02
0.01
